odict_items([('entities', OrderedDict([('entity', [FeatureArray([array([[ 0],
       [ 0],
       [ 0],
       [ 0],
       [ 0],
       [ 0],
       [ 0],
       [ 0],
       [ 9],
       [10],
       [10],
       [11]]),
              array([[0],
       [0],
       [0],
       [0],
       [0],
       [0],
       [0],
       [0],
       [4]]),
              array([[ 0],
       [ 0],
       [ 0],
       [ 0],
       [ 0],
       [ 0],
       [ 0],
       [ 0],
       [ 9],
       [10],
       [11]]),
              ...,
              array([[0],
       [0],
       [0],
       [0],
       [0],
       [0]]),
              array([[0],
       [0]]),
              array([[0],
       [0],
       [0],
       [0]])], dtype=object)]), ('mask', [FeatureArray([[[1.]],

              [[1.]],

              [[1.]],

              ...,

              [[1.]],

              [[1.]],

              [[1.]]], dtype=float32)])])), ('label', OrderedDict([('ids', [FeatureArray([[1],
              [1],
              [1],
              ...,
              [2],
              [2],
              [2]])]), ('mask', [FeatureArray([[[1.]],

              [[1.]],

              [[1.]],

              ...,

              [[1.]],

              [[1.]],

              [[1.]]], dtype=float32)]), ('sentence', [FeatureArray([[[0., 1., 0., ..., 0., 0., 0.]],

              [[0., 1., 0., ..., 0., 0., 0.]],

              [[0., 1., 0., ..., 0., 0., 0.]],

              ...,

              [[0., 0., 1., ..., 0., 0., 0.]],

              [[0., 0., 1., ..., 0., 0., 0.]],

              [[0., 0., 1., ..., 0., 0., 0.]]], dtype=float32)])])), ('text', OrderedDict([('mask', [FeatureArray([[[1.]],

              [[1.]],

              [[1.]],

              ...,

              [[1.]],

              [[1.]],

              [[1.]]], dtype=float32)]), ('sentence', [FeatureArray([[[ 0.03687344,  0.329165  , -0.07313065, ...,  0.3364648 ,
                 0.04617458, -0.27144793]],

              [[ 0.03091651,  0.21102624,  0.01565746, ...,  0.05886522,
                 0.00229023,  0.18528557]],

              [[ 0.1518945 ,  0.37744123, -0.10532802, ...,  0.16670734,
                -0.03854925, -0.34748322]],

              ...,

              [[-0.06027982, -0.02671624, -0.10727108, ...,  0.29601154,
                 0.26756257, -0.03691692]],

              [[ 0.25494495,  0.08201778, -0.30826756, ..., -0.38594124,
                 0.3828748 , -0.24497259]],

              [[-0.07363758, -0.10539895, -0.2953585 , ..., -0.24326299,
                 0.04428099, -0.18387397]]], dtype=float32)]), ('sequence', [FeatureArray([array([[-0.3885021 ,  0.6161474 , -0.05442532, ..., -0.12136592,
        -0.50920486,  1.1456296 ],
       [ 0.08795147,  0.09329867,  0.07043638, ...,  0.03304238,
        -0.08685382,  0.66930246],
       [-0.37319654,  0.08956016, -0.20419163, ...,  0.27567747,
        -0.16106695, -0.5129795 ],
       ...,
       [ 0.15459241,  0.02716072,  0.2408569 , ...,  0.00980886,
        -0.3097296 ,  0.18919027],
       [-0.12552524, -0.0304685 , -0.25787067, ..., -0.11646023,
         0.08459381,  0.7833342 ],
       [-0.22055425,  0.8028258 ,  0.26170075, ...,  0.24561782,
        -0.11035943,  0.13836889]], dtype=float32),
              array([[ 0.18345433,  0.14703691, -0.03060885, ..., -0.11708447,
        -0.25170973,  0.4019938 ],
       [ 0.07756683,  0.5031226 ,  0.37952358, ...,  0.28707182,
        -0.69833916,  0.43995753],
       [-0.09086189,  0.31373373,  0.17420322, ...,  0.23533483,
        -0.632592  ,  0.5441024 ],
       ...,
       [-0.05958266,  0.19198932,  0.1670096 , ..., -0.17862381,
        -0.15519932,  0.5274863 ],
       [-0.29767165,  0.25597993,  0.31905964, ..., -0.46204922,
         0.03251966, -0.16312748],
       [-0.40950876,  0.57792974,  0.0864026 , ..., -0.20894065,
         0.10931019,  0.00373113]], dtype=float32),
              array([[-2.78388023e-01,  2.00067848e-01, -6.01668775e-01, ...,
        -2.32218355e-01, -4.23896551e-01,  8.89917314e-01],
       [-3.62769291e-02,  2.11732201e-02, -9.17345211e-02, ...,
         6.83160722e-02, -2.42013678e-01, -1.07784666e-01],
       [-5.00561535e-01,  3.87069583e-01,  5.04973680e-02, ...,
         1.42864501e-02, -2.79690474e-01,  2.35906288e-01],
       ...,
       [-1.40526056e-01,  5.34359626e-02, -7.08883512e-04, ...,
        -7.32664615e-02, -2.19604418e-01,  3.85258019e-01],
       [ 1.38161361e-01,  1.01272650e-01, -2.99613416e-01, ...,
         7.32451230e-02,  7.13335648e-02,  4.25825030e-01],
       [-3.12015086e-01,  8.39439452e-01,  1.35321438e-01, ...,
         2.69552976e-01, -8.92075598e-02,  1.89760014e-01]], dtype=float32),
              ...,
              array([[-0.51213396, -0.09603185,  0.1143686 , ..., -0.2806271 ,
         0.6344737 , -0.22075579],
       [-0.30339777, -0.2774832 , -0.06990913, ..., -0.14754109,
        -0.11153932, -0.36772075],
       [-0.1586243 ,  0.01861483,  0.29200315, ...,  0.03511076,
        -0.27788743,  0.49131367],
       [ 0.06692772, -0.18022384,  0.47743177, ..., -0.2985975 ,
        -0.10864096,  0.803372  ],
       [-0.01810139, -0.3208751 , -0.06501254, ..., -0.37780005,
         0.00563008, -0.02730641],
       [ 0.07749088,  0.20040728,  0.25900042, ...,  0.027761  ,
         0.13389161, -0.12504874]], dtype=float32),
              array([[-0.29998127,  0.55875045, -0.0564734 , ..., -0.32115254,
        -0.05110862,  0.47898695],
       [-0.6326868 ,  0.7395902 ,  0.11621683, ..., -0.12971155,
        -0.07159483,  0.15300307]], dtype=float32),
              array([[ 0.11007025, -0.26163104, -0.10859254, ..., -0.16708389,
        -0.04680889,  0.6906895 ],
       [ 0.1662014 , -0.31573483, -0.07406139, ...,  0.32662994,
         0.27229834,  0.03849163],
       [ 0.25778037,  0.23094517,  0.2291377 , ..., -0.00330639,
         0.34511063,  0.40769973],
       [-0.10873597,  0.5025963 , -0.01626646, ...,  0.6634121 ,
        -0.17826879, -0.04238111]], dtype=float32)], dtype=object)]), ('sequence_lengths', [FeatureArray([12,  9, 11, ...,  6,  2,  4])])]))])